49 0 45
49 0 46
49 0 47
49 0 48
49 0 49
49 0 50
49 0 51
49 0 52
49 0 53

55 0 45
55 0 46
55 0 47
55 0 48
55 0 49
55 0 50
55 0 51
55 0 52
55 0 53

54 0 46
53 0 46
51 0 46
50 0 46

53 0 52
51 0 52
50 0 52

53 0 53
53 0 54
53 0 55
53 0 56
53 0 57


51 0 53
51 0 54
51 0 55
51 0 56
51 0 57

50 0 57
49 0 57
48 0 57
47 0 57
47 0 58
47 0 59
47 0 60
47 0 61
47 0 62
51 0 59
50 0 59
49 0 59
49 0 60
49 0 61
49 0 62

54 0 57
55 0 57
56 0 57
55 0 54
55 0 55
56 0 52
58 0 52
58 0 53
59 0 53
60 0 53
60 0 54
60 0 55
60 0 56
60 0 57
60 0 58
60 0 59
60 0 60
59 0 60
58 0 60
57 0 60
56 0 60
55 0 60
54 0 60
54 0 61
53 0 61
53 0 62
52 0 62
52 0 64
53 0 64
54 0 65
55 0 64
54 0 64
56 0 64
57 0 64
57 0 63
58 0 63
59 0 63
59 0 62
60 0 62
62 0 62
62 0 61
62 0 60
62 0 59
62 0 57
62 0 56
61 0 56
62 0 55
61 0 55
62 0 54
64 0 53
64 0 55
64 0 56
64 0 57
64 0 58
64 0 59
64 0 60
64 0 61
64 0 62
65 0 62
66 0 62
66 0 63
67 0 63
67 0 64
68 0 64
68 0 65
68 0 66
69 0 66
69 0 67
69 0 68
69 0 69
68 0 69
68 0 70
68 0 71
67 0 71
67 0 72
66 0 72
66 0 73
65 0 73
64 0 73
63 0 73
62 0 73
61 0 73
61 0 72
60 0 72
60 0 71
59 0 71
59 0 70
58 0 70
58 0 69
58 0 68
57 0 68
57 0 67
56 0 67
56 0 66
61 0 66
61 0 67
62 0 67
62 0 68
62 0 69
63 0 69
63 0 68
64 0 68
64 0 67
63 0 67
63 0 66
62 0 66
52 0 66
52 0 67
52 0 68
54 0 68
54 0 69
55 0 70
55 0 69
56 0 70
56 0 71
56 0 72
57 0 72
57 0 73
58 0 73
58 0 74
59 0 74
59 0 75
60 0 75
61 0 75
62 0 75
64 0 75
65 0 75
66 0 75
66 0 76
66 0 77
66 0 79
65 0 79
67 0 79
68 0 79
68 0 78
69 0 78
71 0 78
72 0 78
73 0 78
74 0 78
75 0 78
75 0 77
75 0 76
75 0 75
75 0 74
75 0 73
75 0 72
76 0 72
77 0 72
78 0 72
77 0 74
77 0 75
77 0 76
77 0 77
77 0 78
74 0 75
74 0 74
73 0 74
72 0 74
74 0 73
76 0 71
76 0 70
75 0 69
75 0 70
75 0 68
74 0 68
74 0 67
71 0 67
71 0 68
71 0 69
72 0 69
71 0 66
71 0 65
71 0 64
71 0 63
71 0 62
71 0 61
70 0 61
70 0 62
70 0 60
69 0 60
68 0 60
68 0 59
67 0 59
67 0 58
67 0 57
67 0 56
67 0 52
69 0 52
69 0 53
69 0 54
69 0 55
69 0 56
69 0 57
70 0 57
70 0 58
71 0 57
71 0 56
71 0 55
71 0 54
71 0 53
71 0 51
70 0 51
69 0 51
72 0 51
73 0 51
73 0 52
73 0 53
73 0 54
73 0 55
72 0 57
73 0 57
74 0 57
75 0 57
75 0 56
75 0 55
75 0 54
75 0 53
74 0 51
75 0 51
76 0 51
77 0 51
77 0 52
77 0 53
77 0 54
77 0 55
77 0 56
77 0 57
78 0 56
78 0 55
79 0 55
79 0 51
78 0 51

79 0 68
79 0 67
79 0 66
79 0 65
78 0 65
79 0 64
79 0 63
79 0 62
79 0 61
78 0 63
78 0 64
76 0 64
76 0 65
75 0 64
75 0 63
76 0 63
76 0 62
76 0 61
76 0 60
75 0 60
74 0 60
74 0 61
73 0 61
73 0 62
73 0 63
73 0 64
74 0 64

64 0 47
68 0 43
72 0 44
73 0 50
75 0 46
75 0 45
74 0 45
73 0 45
73 0 44
72 0 43
71 0 43
70 0 43
69 0 43
68 0 44
67 0 44
66 0 44
66 0 45
65 0 45
65 0 46
65 0 47
64 0 48
64 0 49
64 0 50
64 0 51
67 0 51
67 0 50
67 0 49
68 0 49
68 0 48
69 0 48
70 0 48
70 0 47
71 0 48
76 0 48
77 0 48
76 0 49
77 0 49
79 0 45
79 0 46
78 0 45
78 0 44
75 0 42
75 0 41
76 0 41
76 0 40
76 0 39
77 0 39
79 0 39
79 0 40
79 0 41
77 0 38
77 0 37
78 0 37
78 0 36
78 0 35
78 0 34
77 0 34
76 0 34
75 0 34
74 0 34
73 0 34
73 0 33
72 0 33
71 0 33
70 0 33
69 0 33
68 0 33
67 0 33
67 0 34
68 0 34
68 0 35
69 0 35
69 0 36
70 0 36
70 0 37
71 0 37
71 0 38
74 0 41
74 0 40
73 0 40
76 0 38
76 0 37
75 0 37
74 0 37
72 0 42
71 0 42
71 0 41
70 0 41
70 0 40
69 0 40
69 0 39
68 0 39
68 0 38
67 0 38
67 0 37
66 0 37
66 0 36
65 0 36
64 0 36
64 0 34
64 0 33
64 0 32
64 0 31
65 0 31
63 0 34
62 0 34
61 0 34
60 0 34
59 0 34
58 0 34
57 0 34
56 0 34
63 0 36
62 0 36
61 0 36
60 0 36
59 0 36
58 0 36
57 0 36
56 0 36
55 0 34
54 0 34
54 0 35
54 0 36
54 0 37
54 0 38
54 0 39
54 0 40
54 0 41
54 0 42
54 0 43
54 0 45
55 0 43
55 0 42
56 0 42
57 0 42
57 0 41
57 0 40
56 0 40
56 0 39
59 0 39
60 0 39
61 0 39
62 0 39
63 0 39
66 0 39
66 0 38
66 0 41
67 0 41
68 0 41
69 0 41
66 0 42
64 0 42
64 0 41
64 0 40
63 0 40
64 0 45
63 0 45
62 0 45
62 0 44
62 0 43
61 0 43
61 0 42
60 0 42
59 0 42
57 0 43
57 0 44
57 0 45
57 0 46
57 0 47
57 0 48
57 0 49
57 0 50
58 0 44
58 0 39
58 0 40
58 0 50
58 0 49
59 0 49
60 0 49
60 0 48
61 0 48
61 0 47
60 0 47
60 0 46
62 0 48
62 0 49
62 0 50
62 0 51
61 0 51
78 0 31
78 0 32
76 0 33
76 0 32
74 0 32
73 0 32
72 0 32
71 0 32
70 0 32
69 0 32

54 0 31
54 0 32
54 0 33
50 0 33
50 0 34
50 0 35
50 0 36
51 0 39
51 0 40
51 0 41
52 0 43
52 0 44
51 0 44
51 0 45
48 0 43
48 0 42
48 0 41
47 0 38
47 0 37
47 0 36
47 0 32
47 0 31
44 0 33
44 0 34
44 0 35
44 0 36
44 0 39
44 0 40
44 0 41
45 0 44
45 0 45
46 0 46
46 0 47
47 0 48
47 0 49
47 0 50
47 0 51
47 0 52
49 0 55
49 0 56
47 0 54
47 0 53
47 0 55
47 0 63
47 0 64
47 0 65
46 0 66
46 0 67
45 0 68
44 0 66
44 0 65
43 0 64
43 0 63
42 0 62
42 0 61
42 0 60
41 0 61
40 0 62
39 0 63
38 0 63
37 0 63
35 0 63
34 0 63
33 0 62
32 0 61
31 0 60
31 0 59
44 0 47
44 0 48
43 0 49
43 0 50
42 0 51
42 0 52
42 0 53
41 0 52
40 0 51
39 0 50
38 0 50
37 0 50
35 0 50
34 0 50
33 0 51
32 0 52
31 0 53
31 0 54
33 0 54
33 0 55
33 0 56
33 0 57
33 0 58
33 0 59
35 0 59
35 0 58
35 0 57
35 0 60
35 0 61
36 0 61
37 0 60
37 0 59
37 0 58
37 0 57
37 0 56
37 0 55
35 0 55
35 0 54
35 0 53
35 0 52
37 0 52
37 0 53
39 0 53
39 0 54
39 0 55
39 0 56
39 0 57
39 0 59
39 0 60
38 0 60
41 0 58
41 0 57
41 0 56
41 0 55
43 0 55
43 0 56
43 0 57
43 0 58
44 0 59
44 0 54
33 0 49
33 0 48
33 0 47
32 0 46
32 0 45
32 0 44
33 0 43
34 0 43
35 0 42
34 0 41
34 0 40
34 0 39
33 0 38
33 0 37
33 0 36
32 0 35
32 0 34
32 0 33
33 0 32
34 0 31
36 0 31
36 0 32
35 0 34
35 0 35
36 0 36
36 0 37
37 0 38
37 0 39
37 0 40
36 0 42
37 0 42
38 0 40
39 0 41
39 0 42
39 0 43
38 0 44
37 0 45
36 0 45
36 0 46
37 0 47
37 0 48
37 0 49
37 0 31
38 0 31
39 0 31
40 0 31
41 0 33
41 0 34
41 0 35
40 0 37
40 0 38
41 0 41
41 0 42
41 0 43
41 0 44
40 0 46
40 0 47
40 0 48
37 0 66
37 0 65
37 0 64
35 0 66
35 0 65
34 0 66
33 0 66
32 0 66
32 0 67
31 0 68
31 0 69
31 0 70
31 0 71
31 0 72
31 0 73
31 0 74
31 0 75
32 0 76
33 0 77
35 0 77
36 0 77
37 0 77
38 0 76
39 0 75
40 0 74
40 0 73
40 0 72
40 0 71
40 0 70
40 0 69
41 0 68
41 0 67
42 0 69
42 0 70
42 0 71
42 0 72
42 0 73
42 0 74
42 0 75
42 0 76
41 0 76
40 0 76
39 0 77
38 0 77
38 0 79
37 0 79
36 0 79
35 0 79
34 0 79
33 0 79
32 0 79
31 0 79
39 0 79
40 0 79
44 0 79
45 0 78
45 0 77
45 0 76
41 0 66
45 0 75
44 0 74
44 0 73
44 0 72
44 0 71
46 0 68
46 0 69
46 0 70
47 0 71
47 0 72
47 0 73
48 0 74
49 0 74
50 0 74
50 0 73
50 0 72
50 0 71
50 0 70
49 0 69
49 0 68
49 0 67
49 0 66
49 0 65
49 0 64
51 0 72
51 0 71
52 0 71
53 0 71
54 0 72
55 0 73
55 0 74
56 0 75
56 0 76
56 0 78
56 0 79
57 0 78
58 0 78
59 0 78
60 0 79
61 0 79
55 0 78
54 0 78
54 0 77
54 0 76
52 0 76
52 0 75
51 0 74
51 0 76
51 0 78
51 0 79
50 0 78
52 0 78
49 0 78
48 0 78
47 0 78
46 0 77
49 0 76
50 0 76
48 0 76
47 0 75
